0.000000	5.003720	7.090585	9.714134	12.549962	16.316796	18.426050	18.928166	20.000000	20.000000	20.000000	20.000000	20.000000	20.000000	20.000000	20.000000	20.000000	18.559083	18.394274	18.619991	18.419771	14.752929	16.763885	17.727881	13.264369	11.228897	7.360132	10.161634	9.836967	14.713550	14.251922	18.262261	18.628146	18.884711	20.000000	20.000000	20.000000	20.000000	20.000000	18.915080	20.000000	20.000000	18.430091	18.335741	18.555366	18.413677	15.248104	14.237558	13.277976	9.746630	12.774981	17.306650	18.200214	20.000000	20.000000	20.000000	20.000000	20.000000	20.000000	20.000000	20.000000	20.000000	20.000000	20.000000	20.000000	20.000000	20.000000	20.000000	20.000000	18.876417	20.000000	20.000000	20.000000	18.471630	18.336993	16.762620	14.735563	15.243154	18.547478	18.376423	20.000000	20.000000	20.000000	20.000000	20.000000	20.000000	20.000000	20.000000	20.000000	20.000000	20.000000	20.000000	20.000000	20.000000	20.000000	20.000000	20.000000	20.000000	20.000000	18.342011	18.484640	20.000000	20.000000	20.000000	20.000000	20.000000	20.000000	20.000000	18.503209	18.458286	18.549437	18.375003	16.249648	18.250518	18.236355	13.275162	12.227798	16.251920	14.239630	9.277152	12.240061	15.250024	17.738823	18.377014	18.396383	20.000000	20.000000	20.000000	20.000000	20.000000	20.000000	20.000000	20.000000	20.000000	20.000000	20.000000	20.000000	20.000000	20.000000	20.000000	20.000000	20.000000	20.000000	20.000000	20.000000	20.000000	20.000000	20.000000	20.000000	20.000000	20.000000	20.000000	20.000000	20.000000	20.000000	20.000000	20.000000	20.000000	20.000000	20.000000	20.000000	20.000000	20.000000	20.000000	20.000000	20.000000	20.000000	20.000000	20.000000	20.000000	20.000000	20.000000	20.000000	20.000000	20.000000	20.000000	20.000000	20.000000	20.000000	20.000000	20.000000	20.000000	20.000000	20.000000	20.000000	20.000000	20.000000	20.000000	20.000000	20.000000	20.000000	20.000000	20.000000	20.000000	20.000000	20.000000	20.000000	20.000000	20.000000	20.000000	20.000000	20.000000	20.000000	20.000000	20.000000
5.003720	0.000000	5.250000	6.725012	9.497321	13.487258	15.484164	18.746128	20.000000	20.000000	20.000000	20.000000	20.000000	20.000000	18.646922	18.716151	18.829826	17.200219	14.817725	17.736816	16.255522	11.214520	12.262021	13.777651	9.254231	8.748957	5.156994	6.493772	5.140255	10.547566	10.319267	14.655170	17.246366	18.666059	20.000000	20.000000	20.000000	20.000000	20.000000	18.637452	20.000000	20.000000	17.238864	16.691516	18.621548	18.264195	13.304161	12.759126	10.871181	8.688765	10.763437	15.245920	15.584885	18.999773	20.000000	20.000000	20.000000	20.000000	20.000000	20.000000	20.000000	20.000000	20.000000	20.000000	20.000000	20.000000	20.000000	20.000000	20.000000	18.681574	20.000000	20.000000	20.000000	18.748402	18.244847	16.245831	13.737961	14.209353	17.950459	17.200686	20.000000	18.770692	20.000000	20.000000	20.000000	20.000000	20.000000	20.000000	20.000000	20.000000	20.000000	20.000000	20.000000	20.000000	20.000000	20.000000	20.000000	20.000000	18.931156	18.276711	18.409798	20.000000	18.609837	20.000000	20.000000	20.000000	18.890610	20.000000	18.345828	18.387469	18.598356	17.223669	13.732249	16.256234	16.255320	10.791404	10.770255	14.795717	13.236753	8.775929	12.216817	15.747752	17.254410	18.424884	18.386091	20.000000	20.000000	20.000000	20.000000	20.000000	20.000000	20.000000	20.000000	20.000000	20.000000	20.000000	20.000000	20.000000	20.000000	20.000000	20.000000	20.000000	20.000000	20.000000	20.000000	20.000000	20.000000	20.000000	20.000000	20.000000	20.000000	20.000000	20.000000	20.000000	20.000000	20.000000	20.000000	20.000000	20.000000	20.000000	20.000000	20.000000	20.000000	20.000000	20.000000	20.000000	20.000000	20.000000	20.000000	20.000000	20.000000	20.000000	20.000000	20.000000	20.000000	20.000000	20.000000	20.000000	20.000000	20.000000	20.000000	20.000000	20.000000	20.000000	20.000000	20.000000	20.000000	20.000000	20.000000	20.000000	20.000000	20.000000	20.000000	20.000000	20.000000	20.000000	20.000000	20.000000	20.000000	20.000000	20.000000	20.000000	20.000000	20.000000	20.000000
7.090585	5.250000	0.000000	5.250000	5.824005	10.242450	12.241370	15.682147	18.093551	20.000000	20.000000	20.000000	20.000000	18.667824	17.186212	18.461921	18.367321	13.810888	13.357053	16.338392	13.697599	9.181808	12.231754	13.729501	8.811630	10.310095	6.274718	4.716932	6.495333	9.357086	9.514132	13.474745	15.453320	16.938761	20.000000	20.000000	18.988950	20.000000	18.843028	16.308322	18.480379	18.824300	14.984613	13.715768	17.716271	17.436488	12.206074	11.724271	8.268429	4.433590	5.574734	10.838192	11.059800	15.572888	18.710125	20.000000	20.000000	20.000000	20.000000	20.000000	20.000000	20.000000	18.648102	20.000000	20.000000	18.649579	18.342431	20.000000	20.000000	16.773764	18.454907	20.000000	18.485618	18.404202	14.766915	13.259344	9.772808	9.240846	13.448619	12.154405	17.544287	16.710862	19.071710	20.000000	20.000000	20.000000	20.000000	20.000000	20.000000	20.000000	20.000000	20.000000	20.000000	18.496296	18.751442	20.000000	18.778691	18.294596	17.227809	13.751545	14.293906	18.325322	15.811490	18.835360	18.942899	20.000000	17.771234	18.483907	16.205776	16.264771	16.185993	12.695532	10.247829	12.681368	11.304751	6.737807	8.222584	10.743806	8.277315	4.770114	9.674452	11.782288	13.267451	15.258222	14.714294	18.258835	18.616908	20.000000	20.000000	18.703763	20.000000	20.000000	20.000000	18.485820	20.000000	20.000000	20.000000	20.000000	20.000000	20.000000	20.000000	20.000000	20.000000	20.000000	20.000000	20.000000	20.000000	20.000000	20.000000	20.000000	20.000000	20.000000	20.000000	20.000000	20.000000	20.000000	20.000000	20.000000	20.000000	20.000000	20.000000	20.000000	20.000000	20.000000	20.000000	20.000000	20.000000	20.000000	20.000000	20.000000	20.000000	20.000000	20.000000	20.000000	20.000000	20.000000	20.000000	20.000000	20.000000	20.000000	20.000000	20.000000	20.000000	20.000000	20.000000	20.000000	20.000000	20.000000	20.000000	20.000000	20.000000	20.000000	20.000000	20.000000	20.000000	20.000000	20.000000	20.000000	20.000000	20.000000	20.000000	20.000000	20.000000	20.000000	20.000000
9.714134	6.725012	5.250000	0.000000	5.250000	6.710034	10.075002	12.836589	16.197128	19.119709	19.125680	18.897182	20.000000	18.637050	15.095920	17.559458	18.544081	13.974817	12.532089	16.912982	15.509027	10.481378	12.712577	15.576303	12.136506	13.506633	10.378082	7.298700	4.735244	7.454697	4.506592	8.454393	11.801160	13.058102	17.764787	18.724854	18.029982	18.626276	15.256290	12.974338	14.954642	14.588406	10.009016	9.466042	13.159505	11.676567	7.240780	7.282651	4.253290	4.641164	6.752297	9.452800	10.967593	14.714251	18.265251	20.000000	20.000000	18.817174	20.000000	20.000000	20.000000	20.000000	18.414090	20.000000	20.000000	17.688393	17.649161	20.000000	18.497706	14.690721	17.801648	18.818599	17.214438	16.759547	12.730852	11.771175	8.677631	10.722778	12.857574	13.232579	17.643422	17.053336	20.000000	20.000000	20.000000	20.000000	20.000000	20.000000	20.000000	20.000000	20.000000	20.000000	20.000000	18.958383	20.000000	20.000000	18.934263	18.334942	17.773883	15.319500	16.779528	18.822297	17.780216	20.000000	20.000000	20.000000	18.923001	20.000000	18.379940	18.853837	18.877400	15.701989	14.763895	17.719079	15.327657	10.536857	13.285460	15.951793	11.829336	9.673988	14.709662	16.220817	17.772975	18.366252	18.264898	19.071143	20.000000	20.000000	20.000000	20.000000	20.000000	20.000000	20.000000	20.000000	20.000000	20.000000	20.000000	20.000000	20.000000	20.000000	20.000000	20.000000	20.000000	20.000000	20.000000	20.000000	20.000000	20.000000	20.000000	20.000000	20.000000	20.000000	20.000000	20.000000	20.000000	20.000000	20.000000	20.000000	20.000000	20.000000	20.000000	20.000000	20.000000	20.000000	20.000000	20.000000	20.000000	20.000000	20.000000	20.000000	20.000000	20.000000	20.000000	20.000000	20.000000	20.000000	20.000000	20.000000	20.000000	20.000000	20.000000	20.000000	20.000000	20.000000	20.000000	20.000000	20.000000	20.000000	20.000000	20.000000	20.000000	20.000000	20.000000	20.000000	20.000000	20.000000	20.000000	20.000000	20.000000	20.000000	20.000000	20.000000	20.000000	20.000000	20.000000
12.549962	9.497321	5.824005	5.250000	0.000000	5.250000	6.003679	9.591807	11.752549	16.314972	15.922765	16.305017	17.448482	13.511294	10.952760	13.488178	13.431345	8.470227	8.546436	12.468347	10.482191	5.996156	9.669540	12.475193	9.274742	12.814226	10.402450	5.315998	6.476013	4.889146	5.989993	7.774704	9.262835	10.775895	14.840767	16.911687	15.277985	17.928877	14.446280	10.935367	14.504452	15.441477	10.567063	9.975486	14.922215	14.274569	9.899779	11.335892	5.803061	6.313779	4.086791	6.998750	5.829208	10.736321	13.781167	16.540288	18.868613	16.765946	18.922894	18.779966	18.593869	18.719535	15.248873	18.440745	18.870759	15.223801	15.205720	18.856458	18.265850	13.806844	17.284233	18.991295	17.809441	18.354616	13.670392	13.711769	9.393864	9.227656	10.323018	8.752253	13.263059	11.699295	16.946329	18.477729	20.000000	20.000000	20.000000	20.000000	20.000000	18.908047	18.804297	20.000000	20.000000	17.288659	18.648615	20.000000	18.413447	16.772980	14.304185	13.308250	13.294719	15.844875	12.795645	17.773937	16.781142	18.692863	15.779392	17.726117	14.207668	16.219935	15.271277	10.252840	10.720583	14.153004	11.261858	6.932833	10.825403	13.444740	9.332814	9.248448	14.209757	15.733836	16.251292	17.254263	14.697380	18.272162	18.501182	20.000000	20.000000	18.513373	20.000000	20.000000	20.000000	18.529185	20.000000	20.000000	20.000000	20.000000	20.000000	20.000000	20.000000	20.000000	20.000000	20.000000	20.000000	20.000000	20.000000	20.000000	20.000000	20.000000	20.000000	20.000000	20.000000	20.000000	20.000000	20.000000	20.000000	20.000000	20.000000	20.000000	20.000000	20.000000	20.000000	20.000000	20.000000	20.000000	20.000000	20.000000	20.000000	20.000000	20.000000	20.000000	20.000000	20.000000	20.000000	20.000000	20.000000	20.000000	20.000000	20.000000	20.000000	20.000000	20.000000	20.000000	20.000000	20.000000	20.000000	20.000000	20.000000	20.000000	20.000000	20.000000	20.000000	20.000000	20.000000	20.000000	20.000000	20.000000	20.000000	20.000000	20.000000	20.000000	20.000000	20.000000	20.000000
16.316796	13.487258	10.242450	6.710034	5.250000	0.000000	5.250000	5.953154	9.943027	13.754363	14.677211	15.255463	17.289449	13.702627	10.052008	14.067169	15.211448	10.305889	10.430552	15.101455	14.514107	10.528832	13.704386	17.068955	14.787821	17.993634	15.673160	10.786709	9.750936	7.254611	5.199630	4.217733	7.148928	6.202751	11.181595	11.889596	10.965653	12.396726	8.960168	5.371930	8.985132	9.786960	5.291430	5.048404	10.031509	9.731940	6.394415	9.661353	3.827001	8.448972	6.609169	4.428292	6.461805	8.239280	11.817246	15.225709	17.521373	13.677899	17.753498	17.270338	15.211359	16.244028	12.226486	16.227348	15.839403	10.818343	12.310098	16.286530	13.662541	10.197537	14.664018	16.783964	13.722060	15.760666	10.304926	12.695640	8.281607	10.308967	9.205251	10.125228	12.750979	12.100975	16.571991	18.423856	18.944577	20.000000	20.000000	20.000000	20.000000	18.802557	18.941968	20.000000	18.782968	16.329476	18.674370	20.000000	17.192994	14.753812	14.001761	13.765854	14.600199	16.925582	14.725465	18.620617	17.708009	20.000000	18.316945	20.000000	18.205798	19.092584	18.687619	14.295182	16.168460	18.524658	15.198908	11.568001	16.085547	17.534146	12.768578	13.264965	18.305766	18.334990	18.550481	18.463665	18.324778	18.571862	18.907429	20.000000	20.000000	20.000000	20.000000	20.000000	20.000000	20.000000	20.000000	20.000000	20.000000	20.000000	20.000000	20.000000	20.000000	20.000000	20.000000	20.000000	20.000000	20.000000	20.000000	20.000000	20.000000	20.000000	20.000000	20.000000	20.000000	20.000000	20.000000	20.000000	20.000000	20.000000	20.000000	20.000000	20.000000	20.000000	20.000000	20.000000	20.000000	20.000000	20.000000	20.000000	20.000000	20.000000	20.000000	20.000000	20.000000	20.000000	20.000000	20.000000	20.000000	20.000000	20.000000	20.000000	20.000000	20.000000	20.000000	20.000000	20.000000	20.000000	20.000000	20.000000	20.000000	20.000000	20.000000	20.000000	20.000000	20.000000	20.000000	20.000000	20.000000	20.000000	20.000000	20.000000	20.000000	20.000000	20.000000	20.000000	20.000000
18.426050	15.484164	12.241370	10.075002	6.003679	5.250000	0.000000	5.250000	5.659008	10.361010	9.474231	10.512610	11.800787	8.092682	4.745507	8.782080	9.717170	5.310275	5.872350	10.500448	10.069820	7.492721	10.280503	13.784900	12.807067	17.147482	15.577549	10.517500	10.703103	5.716503	8.181231	6.545470	4.273656	6.508039	9.212975	11.488473	10.819797	13.974211	10.575547	7.920567	12.538748	13.769758	9.540381	10.482669	15.389132	14.504892	11.107761	14.750246	9.317994	12.262289	8.993313	7.450124	4.456093	7.538702	8.540472	13.444945	14.949691	11.831799	16.253429	16.734650	15.249303	15.752878	11.733354	16.315106	17.244030	12.248489	14.229290	18.442917	16.773963	13.759196	18.224041	18.971079	18.292899	18.811645	15.221219	17.484089	12.943660	12.802244	10.986062	9.345796	11.248270	8.604512	13.505325	14.320392	17.773969	18.657168	20.000000	20.000000	20.000000	18.408134	18.559838	20.000000	18.827232	16.207707	18.720570	20.000000	18.272141	17.664220	14.771682	14.785157	14.449022	15.064785	12.739560	16.226404	12.791891	17.313935	14.784034	17.293120	13.738406	17.710199	16.283321	10.786029	13.671778	17.162086	13.653585	10.744629	15.790599	17.306862	13.657664	14.745733	18.635196	18.702967	18.627554	18.556173	18.246531	18.538427	18.514740	20.000000	20.000000	18.552866	20.000000	20.000000	20.000000	20.000000	20.000000	20.000000	20.000000	20.000000	20.000000	20.000000	20.000000	20.000000	20.000000	20.000000	20.000000	20.000000	20.000000	20.000000	20.000000	20.000000	20.000000	20.000000	20.000000	20.000000	20.000000	20.000000	20.000000	20.000000	20.000000	20.000000	20.000000	20.000000	20.000000	20.000000	20.000000	20.000000	20.000000	20.000000	20.000000	20.000000	20.000000	20.000000	20.000000	20.000000	20.000000	20.000000	20.000000	20.000000	20.000000	20.000000	20.000000	20.000000	20.000000	20.000000	20.000000	20.000000	20.000000	20.000000	20.000000	20.000000	20.000000	20.000000	20.000000	20.000000	20.000000	20.000000	20.000000	20.000000	20.000000	20.000000	20.000000	20.000000	20.000000	20.000000	20.000000
18.928166	18.746128	15.682147	12.836589	9.591807	5.953154	5.250000	0.000000	5.250000	7.759608	9.968709	11.957069	13.808713	10.023713	7.950492	12.979195	13.940086	9.960061	11.413742	15.962891	15.077160	13.019693	16.222815	18.782120	18.249049	20.000000	19.029044	15.060778	15.234682	10.797152	10.806948	8.299796	7.291007	4.185750	6.790508	6.626848	5.623470	8.962387	7.446432	3.737803	8.521834	10.507730	8.006163	8.528106	12.979824	13.238173	11.507311	14.926328	10.020459	13.843824	10.710022	6.227035	6.446200	4.257807	6.514832	10.330527	11.689553	7.722814	11.783208	11.793200	10.215564	10.706034	7.292283	12.211094	11.788988	7.323486	10.244406	13.835922	11.820350	10.219133	14.712775	16.294772	14.749092	17.762502	12.758681	16.227388	11.838181	13.003326	9.038565	9.853805	9.697849	9.422059	12.671495	14.228060	16.701555	18.538770	18.518040	20.000000	18.791126	16.263679	17.699708	18.810701	17.221892	13.261163	17.734209	18.404344	14.258976	14.749250	12.778815	14.605306	14.535107	14.274103	13.599313	16.856591	14.221651	18.415309	17.271449	18.935269	18.258294	20.000000	18.627332	14.761815	18.188322	18.993160	16.229329	14.653886	18.748298	18.712390	15.698774	17.746515	20.000000	20.000000	18.935169	18.601650	18.409973	18.537070	18.575446	20.000000	20.000000	18.578110	20.000000	20.000000	20.000000	20.000000	20.000000	20.000000	20.000000	20.000000	20.000000	20.000000	20.000000	20.000000	20.000000	20.000000	20.000000	20.000000	20.000000	20.000000	20.000000	20.000000	20.000000	20.000000	20.000000	20.000000	20.000000	20.000000	20.000000	20.000000	20.000000	20.000000	20.000000	20.000000	20.000000	20.000000	20.000000	20.000000	20.000000	20.000000	20.000000	20.000000	20.000000	20.000000	20.000000	20.000000	20.000000	20.000000	20.000000	20.000000	20.000000	20.000000	20.000000	20.000000	20.000000	20.000000	20.000000	20.000000	20.000000	20.000000	20.000000	20.000000	20.000000	20.000000	20.000000	20.000000	20.000000	20.000000	20.000000	20.000000	20.000000	20.000000	20.000000	20.000000	20.000000	20.000000	20.000000
20.000000	20.000000	18.093551	16.197128	11.752549	9.943027	5.659008	5.250000	0.000000	5.250000	4.680018	7.783768	8.730355	4.911094	4.501084	9.272649	9.944781	7.953351	9.949746	13.457883	13.058019	12.721060	15.290570	18.305685	18.232205	20.000000	20.000000	16.345914	17.440553	12.021357	13.987782	11.390875	8.030181	7.253746	6.216822	7.811516	9.196650	12.542591	10.471373	8.506372	13.451094	14.953712	12.065114	13.508623	17.996125	17.744563	15.678566	18.673447	14.064934	17.674935	13.783622	10.647035	7.720093	6.748025	4.479269	10.276439	10.224792	7.289480	10.758147	12.235218	11.796763	11.284735	8.741061	13.805971	14.219396	10.760082	13.762475	17.789880	16.262392	14.764569	18.523385	18.940087	18.525007	20.000000	18.216221	18.824334	16.272046	16.515458	12.942412	11.542283	10.485669	7.755068	10.208288	10.296639	13.744696	17.218268	18.310468	18.901023	18.677174	15.260732	17.216146	18.928476	18.258046	14.304662	18.462838	18.914190	17.241799	18.285401	15.177092	17.191074	16.236154	14.700093	12.309874	14.739035	10.253742	15.209953	14.742833	17.785821	15.292794	18.530080	17.295868	12.807167	16.775629	18.574636	15.778723	14.787467	18.679711	18.599634	17.183020	18.634862	20.000000	20.000000	20.000000	18.734490	18.333959	18.471210	18.405461	20.000000	18.668544	18.426905	20.000000	20.000000	20.000000	18.844744	20.000000	20.000000	20.000000	20.000000	20.000000	20.000000	20.000000	20.000000	20.000000	20.000000	20.000000	20.000000	20.000000	20.000000	20.000000	20.000000	20.000000	20.000000	20.000000	20.000000	20.000000	20.000000	20.000000	20.000000	20.000000	20.000000	20.000000	20.000000	20.000000	20.000000	20.000000	20.000000	20.000000	20.000000	20.000000	20.000000	20.000000	20.000000	20.000000	20.000000	18.341572	20.000000	20.000000	20.000000	20.000000	20.000000	20.000000	20.000000	20.000000	20.000000	20.000000	20.000000	20.000000	20.000000	20.000000	20.000000	20.000000	20.000000	20.000000	20.000000	20.000000	20.000000	20.000000	20.000000	20.000000	20.000000	20.000000	20.000000	20.000000	20.000000	20.000000
20.000000	20.000000	20.000000	19.119709	16.314972	13.754363	10.361010	7.759608	5.250000	0.000000	5.074168	7.659058	10.026394	8.200254	8.221273	12.222023	13.278081	12.424661	14.412024	17.304316	17.608542	17.943177	18.897379	20.000000	20.000000	20.000000	20.000000	20.000000	20.000000	16.522370	17.939201	14.895379	11.039031	9.527560	6.144546	5.735985	8.212142	11.303568	10.723730	9.975936	13.797676	15.312035	14.296640	15.953457	18.745758	18.647721	18.502433	20.000000	17.769959	20.000000	18.006671	14.235657	12.039466	9.968127	6.713261	10.288303	8.317617	6.272239	7.783734	10.753510	11.270653	10.769666	9.736982	14.285661	14.708668	12.275949	15.727355	18.409152	17.726670	17.196683	18.776140	20.000000	18.767881	20.000000	18.601696	20.000000	18.689946	18.986081	15.781542	15.486852	12.835992	11.246599	11.279670	10.232603	13.242771	16.737494	18.257826	18.722158	18.534610	15.751070	18.323702	20.000000	18.347201	16.246065	18.811196	20.000000	18.381476	18.787625	17.768468	18.944774	18.583349	17.688320	15.810470	17.185010	13.238362	17.776679	18.329566	18.716776	18.405862	20.000000	18.872481	17.729648	20.000000	20.000000	18.668034	18.702625	20.000000	20.000000	20.000000	20.000000	20.000000	20.000000	20.000000	20.000000	20.000000	18.892276	18.511384	20.000000	20.000000	18.542416	20.000000	20.000000	20.000000	20.000000	20.000000	20.000000	20.000000	20.000000	20.000000	20.000000	20.000000	20.000000	20.000000	20.000000	20.000000	20.000000	20.000000	20.000000	20.000000	20.000000	20.000000	20.000000	20.000000	20.000000	20.000000	20.000000	20.000000	20.000000	20.000000	20.000000	20.000000	20.000000	20.000000	20.000000	20.000000	20.000000	20.000000	20.000000	20.000000	20.000000	20.000000	20.000000	20.000000	18.321762	18.327297	20.000000	20.000000	18.341008	20.000000	20.000000	20.000000	20.000000	20.000000	20.000000	20.000000	20.000000	20.000000	20.000000	20.000000	20.000000	20.000000	20.000000	20.000000	20.000000	20.000000	20.000000	20.000000	20.000000	20.000000	20.000000	20.000000	20.000000	20.000000	20.000000	20.000000
20.000000	20.000000	20.000000	19.125680	15.922765	14.677211	9.474231	9.968709	4.680018	5.074168	0.000000	5.427745	5.055403	3.604927	6.028067	8.565829	8.621029	9.336511	11.818342	13.629377	13.812187	15.494556	17.525426	18.741373	18.892224	20.000000	20.000000	18.691202	19.096390	15.677788	18.329636	15.703530	10.777626	11.555755	8.802328	10.758921	13.167343	16.197761	13.797762	13.049844	17.924393	18.583881	16.320713	18.526441	20.000000	20.000000	18.872594	20.000000	18.644585	20.000000	18.502511	15.912311	11.771544	11.733046	7.293700	12.286846	10.785914	9.760187	11.756958	14.224532	15.223847	15.237554	12.760228	17.750642	18.319688	15.737430	18.303111	20.000000	18.788511	18.624337	20.000000	20.000000	20.000000	20.000000	20.000000	20.000000	20.000000	19.087351	17.579916	15.307076	13.782697	9.748305	11.218756	8.717887	12.737485	15.735275	17.751864	18.892819	18.750187	16.735426	18.364678	20.000000	18.591587	18.228608	20.000000	20.000000	18.764795	20.000000	18.475130	18.942756	18.396713	17.214508	13.716293	14.711200	9.220266	13.755209	15.743433	17.743185	16.242790	18.441444	18.291051	14.762673	18.340430	18.710062	18.269263	18.267085	20.000000	20.000000	18.754953	20.000000	20.000000	20.000000	20.000000	20.000000	18.711363	18.516201	18.373836	20.000000	18.637011	18.429567	20.000000	20.000000	20.000000	20.000000	20.000000	20.000000	20.000000	20.000000	20.000000	20.000000	20.000000	20.000000	20.000000	20.000000	20.000000	20.000000	20.000000	20.000000	20.000000	20.000000	20.000000	20.000000	20.000000	20.000000	20.000000	20.000000	20.000000	20.000000	20.000000	20.000000	20.000000	20.000000	20.000000	20.000000	20.000000	20.000000	20.000000	20.000000	20.000000	20.000000	20.000000	18.306344	20.000000	18.293686	18.293522	18.557649	18.327628	18.297241	18.340508	20.000000	20.000000	20.000000	20.000000	20.000000	20.000000	20.000000	20.000000	20.000000	20.000000	20.000000	20.000000	20.000000	20.000000	20.000000	20.000000	20.000000	20.000000	20.000000	20.000000	20.000000	20.000000	20.000000	20.000000	20.000000	20.000000
20.000000	20.000000	20.000000	18.897182	16.305017	15.255463	10.512610	11.957069	7.783768	7.659058	5.427745	0.000000	4.750000	6.896664	5.038217	5.597657	9.112456	10.391538	9.946985	11.950851	14.475750	15.062818	15.669048	18.359928	19.130836	20.000000	20.000000	18.789147	18.841317	14.281052	16.822956	14.171179	9.154620	10.731176	7.274905	11.284479	14.302575	16.298037	12.776968	13.771475	18.368664	18.240036	15.284991	18.518106	20.000000	18.632935	18.512021	20.000000	18.660269	20.000000	18.856901	17.766186	14.241326	15.218717	12.202812	17.229744	15.719929	13.745576	14.775040	17.273313	18.319154	18.312801	16.283779	18.598738	18.911656	18.341803	19.080394	20.000000	20.000000	20.000000	20.000000	20.000000	20.000000	20.000000	20.000000	20.000000	20.000000	20.000000	18.887067	18.445846	17.957715	14.191656	16.308320	14.278199	18.309811	18.652122	20.000000	20.000000	20.000000	20.000000	20.000000	20.000000	20.000000	20.000000	20.000000	20.000000	20.000000	20.000000	20.000000	20.000000	20.000000	19.085937	18.248447	18.481392	15.225226	18.339440	18.425943	18.452308	18.322388	18.858643	18.463079	18.229209	18.570744	20.000000	18.916582	18.667265	20.000000	20.000000	20.000000	20.000000	20.000000	20.000000	20.000000	20.000000	20.000000	20.000000	20.000000	20.000000	20.000000	20.000000	20.000000	20.000000	20.000000	20.000000	20.000000	20.000000	20.000000	20.000000	20.000000	20.000000	20.000000	20.000000	20.000000	20.000000	20.000000	20.000000	20.000000	20.000000	20.000000	20.000000	20.000000	20.000000	20.000000	20.000000	20.000000	20.000000	20.000000	20.000000	20.000000	20.000000	20.000000	20.000000	20.000000	20.000000	20.000000	20.000000	20.000000	20.000000	20.000000	20.000000	20.000000	20.000000	20.000000	18.312147	18.317956	20.000000	20.000000	18.314091	20.000000	20.000000	20.000000	20.000000	20.000000	20.000000	20.000000	20.000000	20.000000	20.000000	20.000000	20.000000	20.000000	20.000000	20.000000	20.000000	20.000000	20.000000	20.000000	20.000000	20.000000	20.000000	20.000000	20.000000	20.000000	20.000000	20.000000
20.000000	20.000000	20.000000	20.000000	17.448482	17.289449	11.800787	13.808713	8.730355	10.026394	5.055403	4.750000	0.000000	4.750000	6.750000	5.463103	5.903922	9.250000	10.412032	10.080611	12.059736	14.563325	15.217219	16.414265	18.707448	20.000000	20.000000	18.773362	19.118478	15.748003	18.714281	17.656470	12.263844	14.788723	12.189751	15.326714	17.752788	18.970247	17.328384	17.153712	20.000000	20.000000	18.651992	20.000000	20.000000	20.000000	20.000000	20.000000	20.000000	20.000000	18.973391	18.663389	14.225594	16.217116	12.314864	17.193462	15.303150	15.289531	16.754347	18.429963	18.651142	18.450611	17.756893	18.727626	20.000000	18.612608	20.000000	20.000000	20.000000	20.000000	20.000000	20.000000	20.000000	20.000000	20.000000	20.000000	20.000000	20.000000	20.000000	18.177967	17.779197	12.783209	15.294571	12.204467	16.761699	18.332385	18.599080	20.000000	20.000000	18.619193	18.880736	20.000000	20.000000	20.000000	20.000000	20.000000	20.000000	20.000000	20.000000	20.000000	18.893681	18.590652	16.254807	16.743164	11.241360	15.053545	17.241211	17.738421	15.268226	18.384850	18.332153	16.243059	18.236327	18.498963	18.429242	18.353534	20.000000	20.000000	20.000000	20.000000	20.000000	20.000000	20.000000	20.000000	20.000000	20.000000	18.408005	20.000000	20.000000	20.000000	20.000000	20.000000	20.000000	20.000000	20.000000	20.000000	20.000000	20.000000	20.000000	20.000000	20.000000	20.000000	20.000000	20.000000	20.000000	20.000000	20.000000	20.000000	20.000000	20.000000	20.000000	20.000000	20.000000	20.000000	20.000000	20.000000	20.000000	20.000000	20.000000	20.000000	20.000000	20.000000	20.000000	20.000000	20.000000	20.000000	20.000000	20.000000	20.000000	20.000000	20.000000	18.309295	18.316781	18.307021	18.306253	18.332761	18.317976	18.301219	18.323844	18.361077	18.339081	18.330039	20.000000	20.000000	20.000000	20.000000	20.000000	20.000000	20.000000	20.000000	20.000000	20.000000	20.000000	20.000000	20.000000	20.000000	20.000000	20.000000	20.000000	20.000000	20.000000	20.000000	20.000000	20.000000	20.000000
20.000000	20.000000	18.667824	18.637050	13.511294	13.702627	8.092682	10.023713	4.911094	8.200254	3.604927	6.896664	4.750000	0.000000	4.750000	6.750000	5.048277	5.900544	9.250000	10.373826	10.043330	12.004599	14.450031	15.634881	16.503626	20.000000	20.000000	16.632866	18.537000	13.468068	17.207118	15.252644	10.499779	12.721463	10.806946	13.740906	14.229812	18.187649	15.312935	13.330623	18.402944	18.707515	16.745694	18.291952	20.000000	20.000000	18.629181	20.000000	17.791517	18.875172	15.791147	14.636656	9.235792	11.156119	7.749899	12.247418	12.209763	11.801749	14.736756	16.749913	17.250587	16.243483	13.222618	18.297683	18.440706	16.717041	18.286767	20.000000	20.000000	18.492690	20.000000	20.000000	20.000000	20.000000	20.000000	20.000000	18.821938	18.561139	16.259977	13.166255	12.667327	7.702755	10.658710	8.260611	12.756816	14.796651	17.748411	18.592638	18.759525	16.762704	17.747092	20.000000	18.544587	17.240602	18.770539	20.000000	18.583892	20.000000	18.220122	18.531018	16.291138	15.197425	10.779719	11.763593	6.220611	10.259029	11.271921	13.747769	12.251178	16.742720	14.756991	10.774562	14.779681	18.227428	14.708904	14.280543	18.453242	18.521449	17.281192	18.558552	20.000000	20.000000	20.000000	18.712957	18.283912	18.344482	18.232756	18.698076	18.411152	18.305654	18.849462	20.000000	18.656884	18.446412	20.000000	20.000000	20.000000	20.000000	20.000000	20.000000	20.000000	20.000000	20.000000	20.000000	20.000000	20.000000	20.000000	20.000000	20.000000	20.000000	20.000000	20.000000	20.000000	20.000000	20.000000	20.000000	20.000000	20.000000	20.000000	20.000000	20.000000	20.000000	20.000000	20.000000	20.000000	20.000000	20.000000	20.000000	20.000000	20.000000	20.000000	18.324675	18.561757	18.303626	18.311646	18.572389	18.330998	18.308269	18.353500	20.000000	20.000000	20.000000	20.000000	20.000000	20.000000	20.000000	20.000000	20.000000	20.000000	20.000000	20.000000	20.000000	20.000000	20.000000	20.000000	20.000000	20.000000	20.000000	20.000000	20.000000	20.000000	20.000000	20.000000	20.000000	20.000000
20.000000	18.646922	17.186212	15.095920	10.952760	10.052008	4.745507	7.950492	4.501084	8.221273	6.028067	5.038217	6.750000	4.750000	0.000000	4.750000	6.750000	5.425741	5.854758	9.250000	10.407844	10.080624	11.804702	14.722738	15.610413	18.966195	18.906240	14.529395	15.246582	9.947011	12.790579	10.645496	5.486780	8.770401	7.663286	11.264028	12.825081	15.337244	11.739265	10.758015	15.771922	15.851212	12.638880	15.171012	18.643344	17.759036	15.250965	18.719271	14.720965	17.812480	14.310646	12.575597	8.819213	11.173381	9.224131	14.304993	14.258719	12.229611	15.228968	16.276176	16.758801	17.237321	13.284496	18.366007	18.486666	15.290333	17.721851	20.000000	18.632404	18.249955	20.000000	20.000000	20.000000	20.000000	18.622956	20.000000	18.282075	18.258113	15.729854	13.300556	13.774689	9.747607	13.709436	12.258999	16.767431	18.463616	18.778498	20.000000	20.000000	18.563760	18.804575	20.000000	20.000000	18.373622	20.000000	20.000000	18.874457	20.000000	18.352930	18.571221	17.766633	17.271918	13.696658	16.243305	11.741924	16.253986	15.763101	17.251663	13.787672	18.343434	17.730027	12.732109	15.299430	18.607321	16.698095	14.714134	18.621956	19.089853	18.310471	18.583092	20.000000	20.000000	20.000000	20.000000	18.574351	18.763942	18.524049	20.000000	20.000000	20.000000	20.000000	20.000000	20.000000	20.000000	20.000000	20.000000	20.000000	20.000000	20.000000	20.000000	20.000000	20.000000	20.000000	20.000000	20.000000	20.000000	20.000000	20.000000	20.000000	20.000000	20.000000	20.000000	20.000000	20.000000	20.000000	20.000000	20.000000	20.000000	20.000000	20.000000	20.000000	20.000000	20.000000	20.000000	20.000000	20.000000	20.000000	20.000000	20.000000	20.000000	20.000000	20.000000	20.000000	18.336382	20.000000	20.000000	20.000000	20.000000	20.000000	20.000000	20.000000	20.000000	20.000000	20.000000	20.000000	20.000000	20.000000	20.000000	20.000000	20.000000	20.000000	20.000000	20.000000	20.000000	20.000000	20.000000	20.000000	20.000000	20.000000	20.000000	20.000000	20.000000	20.000000	20.000000	20.000000
20.000000	18.716151	18.461921	17.559458	13.488178	14.067169	8.782080	12.979195	9.272649	12.222023	8.565829	5.597657	5.463103	6.750000	4.750000	0.000000	4.750000	6.750000	5.052867	5.750000	9.250000	10.432530	9.970106	12.195308	14.814033	18.525746	18.975021	14.926901	16.195332	10.721377	15.235580	13.284830	8.292779	12.690282	11.211898	15.348573	17.746829	18.833603	15.296500	15.258608	18.985039	18.830107	15.825982	18.621743	20.000000	18.917634	18.340635	20.000000	17.831297	19.091194	17.729548	17.017870	12.723405	15.732704	13.718668	18.416431	18.339011	16.790002	18.431940	18.579712	18.911594	18.750855	18.336014	20.000000	20.000000	18.806531	20.000000	20.000000	20.000000	20.000000	20.000000	20.000000	20.000000	20.000000	20.000000	20.000000	20.000000	20.000000	18.988624	17.200274	18.202638	13.221310	17.285386	15.266706	18.556281	18.898826	20.000000	20.000000	20.000000	20.000000	20.000000	20.000000	20.000000	20.000000	20.000000	20.000000	20.000000	20.000000	20.000000	20.000000	18.791076	18.830615	16.280051	18.307771	13.751262	17.731589	17.255074	17.735111	13.282097	18.310674	18.290343	13.723968	15.743291	18.559462	18.287425	16.254576	18.817228	20.000000	18.964417	20.000000	20.000000	20.000000	20.000000	20.000000	20.000000	20.000000	20.000000	20.000000	20.000000	20.000000	20.000000	20.000000	20.000000	20.000000	20.000000	20.000000	20.000000	20.000000	20.000000	20.000000	20.000000	20.000000	20.000000	20.000000	20.000000	20.000000	20.000000	20.000000	20.000000	20.000000	20.000000	20.000000	20.000000	20.000000	20.000000	20.000000	20.000000	20.000000	20.000000	20.000000	20.000000	20.000000	20.000000	20.000000	20.000000	20.000000	20.000000	20.000000	20.000000	20.000000	20.000000	20.000000	20.000000	18.324884	20.000000	20.000000	20.000000	20.000000	20.000000	20.000000	20.000000	20.000000	20.000000	20.000000	20.000000	20.000000	20.000000	20.000000	20.000000	20.000000	20.000000	20.000000	20.000000	20.000000	20.000000	20.000000	20.000000	20.000000	20.000000	20.000000	20.000000	20.000000	20.000000	20.000000	20.000000
20.000000	18.829826	18.367321	18.544081	13.431345	15.211448	9.717170	13.940086	9.944781	13.278081	8.621029	9.112456	5.903922	5.048277	6.750000	4.750000	0.000000	4.750000	6.750000	5.396650	5.974059	9.250000	10.430919	10.647489	13.455671	18.060748	18.620678	14.032726	17.017043	12.414218	17.068989	16.205658	11.499420	15.482114	14.283832	17.799847	18.429449	20.000000	18.410453	17.186676	20.000000	20.000000	18.512631	18.802553	20.000000	20.000000	18.858558	20.000000	18.435350	18.988731	16.754357	16.831380	11.295393	15.194444	12.697988	16.763311	17.232299	16.805058	18.523209	18.886916	20.000000	18.616740	18.257134	18.736593	20.000000	18.608551	18.890539	20.000000	20.000000	20.000000	20.000000	20.000000	20.000000	20.000000	20.000000	20.000000	20.000000	18.969420	18.678992	15.276387	16.261614	10.726413	14.783352	12.717409	17.729496	18.312682	18.726755	20.000000	20.000000	18.569746	18.533667	20.000000	20.000000	18.544592	20.000000	20.000000	20.000000	20.000000	18.756586	18.791221	18.260388	17.737615	12.748689	14.233306	9.759814	12.749056	12.266788	10.348468	8.768547	13.274245	13.770312	9.254681	12.300675	16.282894	14.264141	13.762276	17.752128	18.509464	18.308807	18.510261	20.000000	20.000000	20.000000	20.000000	18.347949	18.478856	18.324348	20.000000	18.459419	18.436726	20.000000	20.000000	20.000000	20.000000	20.000000	20.000000	20.000000	20.000000	20.000000	20.000000	20.000000	20.000000	20.000000	20.000000	20.000000	20.000000	20.000000	20.000000	20.000000	20.000000	20.000000	20.000000	20.000000	20.000000	20.000000	20.000000	20.000000	20.000000	20.000000	20.000000	20.000000	20.000000	20.000000	20.000000	20.000000	20.000000	20.000000	20.000000	20.000000	20.000000	20.000000	20.000000	20.000000	18.323560	18.326740	20.000000	20.000000	18.319939	20.000000	20.000000	20.000000	20.000000	20.000000	20.000000	20.000000	20.000000	20.000000	20.000000	20.000000	20.000000	20.000000	20.000000	20.000000	20.000000	20.000000	20.000000	20.000000	20.000000	20.000000	20.000000	20.000000	20.000000	20.000000	20.000000	20.000000
18.559083	17.200219	13.810888	13.974817	8.470227	10.305889	5.310275	9.960061	7.953351	12.424661	9.336511	10.391538	9.250000	5.900544	5.425741	6.750000	4.750000	0.000000	4.750000	6.750000	5.078331	5.868928	9.092806	10.496213	10.677768	15.993261	15.956442	10.449495	13.274953	8.567173	12.852366	12.744004	8.968884	12.188639	13.201951	15.758492	15.761992	18.576665	15.814674	13.209437	18.330955	18.572210	14.811048	16.218275	18.936144	18.700205	16.317641	18.692725	13.764052	15.687415	11.711299	11.553948	6.630108	10.809523	10.244015	14.265369	15.755142	14.720127	18.402825	18.512996	18.462309	18.352110	14.746701	18.391534	18.620888	16.756383	17.280433	20.000000	20.000000	18.293537	20.000000	20.000000	20.000000	20.000000	18.574742	20.000000	17.216085	15.751734	14.649703	10.666104	12.338148	7.693731	12.727528	12.234228	16.706566	18.264523	18.600940	20.000000	20.000000	18.404244	18.341879	20.000000	20.000000	17.740565	18.638318	20.000000	18.732985	18.804843	16.761080	16.708330	13.777746	14.712827	9.723692	13.214797	9.722065	13.250769	10.742741	11.723450	8.829118	12.774537	11.783925	6.666573	9.733388	13.314298	11.246645	9.678706	13.808297	15.789443	13.752060	15.282390	18.523636	18.955814	18.594646	18.449814	15.744708	18.234016	18.237192	18.712822	18.533374	18.393818	18.864169	20.000000	20.000000	18.519041	20.000000	20.000000	20.000000	20.000000	20.000000	20.000000	20.000000	20.000000	20.000000	20.000000	20.000000	20.000000	20.000000	20.000000	20.000000	20.000000	20.000000	20.000000	20.000000	20.000000	20.000000	20.000000	20.000000	20.000000	20.000000	20.000000	20.000000	20.000000	20.000000	20.000000	20.000000	20.000000	20.000000	20.000000	20.000000	20.000000	20.000000	20.000000	20.000000	18.331417	20.000000	20.000000	20.000000	20.000000	20.000000	20.000000	20.000000	20.000000	20.000000	20.000000	20.000000	20.000000	20.000000	20.000000	20.000000	20.000000	20.000000	20.000000	20.000000	20.000000	20.000000	20.000000	20.000000	20.000000	20.000000	20.000000	20.000000	20.000000	20.000000	20.000000	20.000000
18.394274	14.817725	13.357053	12.532089	8.546436	10.430552	5.872350	11.413742	9.949746	14.412024	11.818342	9.946985	10.412032	9.250000	5.854758	5.052867	6.750000	4.750000	0.000000	4.750000	6.750000	5.489152	5.562593	9.419358	10.499063	14.570085	14.951360	9.920304	10.693520	5.706700	10.673191	10.209644	6.438146	11.432160	12.282033	15.820218	17.315861	18.642329	14.785522	13.669563	18.395739	18.348241	13.667600	15.816266	18.826504	18.213221	14.703303	18.250925	13.340165	16.171393	13.250961	13.492143	9.698080	14.170428	13.791587	18.383861	18.606770	17.278550	18.620608	18.743191	18.775987	18.926036	17.772668	20.000000	20.000000	18.418047	18.653074	20.000000	20.000000	18.592728	20.000000	20.000000	20.000000	20.000000	18.904484	20.000000	17.774193	17.740004	17.198945	13.835112	16.725218	12.312709	17.692872	17.202189	18.788226	20.000000	20.000000	20.000000	20.000000	20.000000	20.000000	20.000000	20.000000	20.000000	20.000000	20.000000	20.000000	20.000000	18.821711	18.620433	18.324276	18.504129	14.698240	18.259722	15.225824	18.295950	15.764394	15.718965	11.183467	15.670928	16.175989	10.785172	11.818545	16.763134	15.241451	12.158949	16.204275	18.618918	17.209829	16.798192	18.947087	20.000000	20.000000	20.000000	18.549013	20.000000	20.000000	20.000000	20.000000	20.000000	20.000000	20.000000	20.000000	20.000000	20.000000	20.000000	20.000000	20.000000	20.000000	20.000000	20.000000	20.000000	20.000000	20.000000	20.000000	20.000000	20.000000	20.000000	20.000000	20.000000	20.000000	20.000000	20.000000	20.000000	20.000000	20.000000	20.000000	20.000000	20.000000	20.000000	20.000000	20.000000	20.000000	20.000000	20.000000	20.000000	20.000000	20.000000	20.000000	20.000000	20.000000	20.000000	20.000000	20.000000	20.000000	20.000000	20.000000	20.000000	20.000000	20.000000	20.000000	20.000000	20.000000	20.000000	20.000000	20.000000	20.000000	20.000000	20.000000	20.000000	20.000000	20.000000	20.000000	20.000000	20.000000	20.000000	20.000000	20.000000	20.000000	20.000000	20.000000	20.000000	20.000000	20.000000	20.000000
